Total unused item slots: 149
Total consecutive runs: 43

=== RUNS OF 10+ CONSECUTIVE UNUSED IDs ===
   Start       End     Count
--------------------------------
     228       271        44
     165       191        27
     318       335        18

Total IDs in runs of 10+: 89


=== ALL UNUSED IDs (raw list) ===
6,20,79,80,81,83,84,85,86,89,90,94,97,145,150,153,155,156,158,159,160,161,162,163,165,166,167,168,169,170,171,172,173,174,175,176,177,178,179,180,181,182,183,184,185,186,187,188,189,190,191,195,196,201,202,207,212,217,218,223,228,229,230,231,232,233,234,235,236,237,238,239,240,241,242,243,244,245,246,247,248,249,250,251,252,253,254,255,256,257,258,259,260,261,262,263,264,265,266,267,268,269,270,271,273,274,275,276,282,287,298,303,314,315,316,318,319,320,321,322,323,324,325,326,327,328,329,330,331,332,333,334,335,4133,4149,4164,4170,4207,4232,4262,4266,4274,4319,4341,4348,4363,4370,4377,49207
